7
38
63
64
68
84
49
8
42
79
29
27
19
86
57
40
71
96
97
2
18
82
41
75
13
62
60
52
20
90
73
5
30
31
35
51
16
74
9
46
95
93
85
53
24
7
38
63
64
68
84
49
8
42
79
29
27
19
86
57
40
71
96
97
2
18
82
41
75
13
62
60
52
20
90
73
5
30
31
35
51
16
74
9
46
95
93
85
53
24
7
38
63
64
68
84
49
8
42
79
29
27
19
86
57
40
71
96
97
2
18
82
41
75
13
62
60
52
20
90
73
5
30
31
35
51
16
74
9
46
95
93
85
53
24
7
38
63
64
68
84
49
8
42
79
29
27
19
86
57
40
71
96
97
2
18
82
41
75
13
62
60
52
20
90
73
5
30
31
35
51
16
74
9
46
95
93
85
53
24
7
38
63
64
68
84
49
8
42
79
29
27
19
86
57
40
71
96
97
2
18
82
41
75
13
62
60
52
20
90
73
5
30
31
35
51
16
74
9
46
95
93
85
53
24
7
38
63
64
68
84
49
8
42
79
29
27
19
86
57
40
71
96
97
2
18
82
41
75
13
62
60
52
20
90
73
5
30
31
35
51
16
74
9
46
95
93
85
53
24
7
38
63
64
68
84
49
8
42
79
29
27
19
86
57
40
71
96
97
2
18
82
41
75
13
62
60
52
20
90
73
5
30
31
35
51
16
74
9
46
95
93
85
53
24
7
38
63
64
68
84
49
8
42
79
29
27
19
86
57
40
71
96
97
2
18
82
41
75
13
62
60
52
20
90
73
5
30
31
35
51
16
74
9
46
95
93
85
53
24
7
38
63
64
68
84
49
8
42
79
29
27
19
86
57
40
71
96
97
2
18
82
41
75
13
62
60
52
20
90
73
5
30
31
35
51
16
74
9
46
95
93
85
53
24
7
38
63
64
68
84
49
8
42
79
29
27
19
86
57
40
71
96
97
2
18
82
41
75
13
62
60
52
20
90
73
5
30
31
35
51
16
74
9
46
95
93
85
53
24
7
38
63
64
68
84
49
8
42
79
29
27
19
86
57
40
71
96
97
2
18
82
41
75
13
62
60
52
20
90
73
5
30
31
35
51
16
74
9
46
95
93
85
53
24
7
38
63
64
68
84
49
8
42
79
29
27
19
86
57
40
71
96
97
2
18
82
41
75
13
62
60
52
20
90
73
5
30
31
35
51
16
74
9
46
95
93
85
53
24
7
38
63
64
68
84
49
8
42
79
29
27
19
86
57
40
71
96
97
2
18
82
41
75
13
62
60
52
20
90
73
5
30
31
35
51
16
74
9
46
95
93
85
53
24
7
38
63
64
68
84
49
8
42
79
29
27
19
86
57
40
71
96
97
2
18
82
41
75
13
62
60
52
20
90
73
5
30
31
35
51
16
74
9
46
95
93
85
53
24
7
38
63
64
68
84
49
8
42
79
29
27
19
86
57
40
71
96
97
2
18
82
41
75
13
62
60
52
20
90
73
5
30
31
35
51
16
74
9
46
95
93
85
53
24
7
38
63
64
68
84
49
8
42
79
29
27
19
86
57
40
71
96
97
2
18
82
41
75
13
62
60
52
20
90
73
5
30
31
35
51
16
74
9
46
95
93
85
53
24
7
38
63
64
68
84
49
8
42
79
29
27
19
86
57
40
71
96
97
2
18
82
41
75
13
62
60
52
20
90
73
5
30
31
35
51
16
74
9
46
95
93
85
53
24
7
38
63
64
68
84
49
8
42
79
29
27
19
86
57
40
71
96
97
2
18
82
41
75
13
62
60
52
20
90
73
5
30
31
35
51
16
74
9
46
95
93
85
53
24
7
38
63
64
68
84
49
8
42
79
29
27
19
86
57
40
71
96
97
2
18
82
41
75
13
62
60
52
20
90
73
5
30
31
35
51
16
74
9
46
95
93
85
53
24
7
38
63
64
68
84
49
8
42
79
29
27
19
86
57
40
71
96
97
2
18
82
41
75
13
62
60
52
20
90
73
5
30
31
35
51
16
74
9
46
95
93
85
53
24
7
38
63
64
68
84
49
8
42
79
29
27
19
86
57
40
71
96
97
2
18
82
41
75
13
62
60
52
20
90
73
5
30
31
35
51
16
74
9
46
95
93
85
53
24
7
38
63
64
68
84
49
8
42
79
29
27
19
86
57
40
71
96
97
2
18
82
41
75
13
62
60
52
20
90
73
5
30
31
35
51
16
74
9
46
95
93
85
53
24
7
38
63
64
68
84
49
8
42
79
