544
692
49
911
992
48
93
516
681
118
607
188
850
100
141
244
993
387
198
138
99
847
74
557
697
489
64
295
162
840
89
215
792
191
304
78
626
627
110
566
530
8
841
969
634
998
245
895
168
468
719
687
326
237
236
474
505
426
897
787
16
485
626
562
274
17
553
336
952
843
761
68
22
933
859
372
559
510
1014
571
419
890
888
387
425
684
787
209
170
982
374
746
604
532
525
561
150
984
913
682
837
900
716
432
505
860
560
757
6
884
285
360
98
784
782
790
835
623
136
26
226
673
312
620
893
318
199
575
36
911
937
1001
1022
44
232
1003
577
165
33
649
318
928
39
1019
333
504
631
711
410
1002
631
583
768
513
329
440
527
956
341
1
570
451
696
430
315
212
539
933
759
228
786
367
865
914
880
394
575
456
806
310
893
602
696
537
30
561
776
485
864
573
62
67
677
953
937
839
317
157
184
49
228
635
75
848
466
74
459
475
846
204
603
343
422
970
249
897
570
465
676
704
652
328
384
611
585
570
973
20
381
31
191
669
725
91
188
518
935
322
409
9
365
217
393
546
191
513
961
854
913
60
159
45
574
835
868
434
142
417
29
892
352
454
310
823
573
944
130
986
729
625
908
131
500
85
359
533
244
1005
913
90
992
83
523
987
487
549
49
791
911
489
579
826
871
918
717
425
172
520
34
388
237
977
915
539
140
822
620
739
1023
437
57
843
612
164
837
497
1
846
138
595
583
610
371
673
504
611
355
399
658
1007
839
437
486
734
194
744
456
68
493
617
615
836
401
87
366
98
581
759
22
12
389
880
501
183
70
197
622
657
966
250
339
607
301
327
105
937
794
993
367
886
481
363
84
897
984
84
322
971
30
599
84
540
187
146
481
811
1016
973
858
192
64
317
573
311
324
87
971
832
528
763
118
238
199
761
463
87
473
368
128
924
813
410
455
890
872
256
473
416
866
50
682
147
378
520
908
513
762
130
60
107
18
720
563
743
565
460
268
287
917
619
86
632
689
378
368
248
308
732
763
741
21
276
464
388
697
110
179
419
149
655
285
286
923
247
275
160
284
721
1007
483
740
682
117
88
690
958
835
127
849
780
157
966
768
935
189
618
330
894
491
803
861
291
476
992
376
421
790
16
81
311
783
120
524
32
920
661
1009
955
782
782
117
947
878
920
332
298
80
477
811
714
238
911
76
634
731
315
77
194
225
438
326
136
292
463
18
585
929
488
749
155
980
40
232
77
13
629
578
797
40
987
1011
861
719
436
999
158
664
22
762
343
907
226
842
481
55
748
1021
981
66
449
435
463
978
940
687
145
282
211
33
527
299
348
399
533
314
692
935
49
401
626
495
663
730
135
129
398
19
204
877
576
67
766
104
206
823
785
358
47
359
900
948
906
258
100
163
498
688
86
164
576
629
417
303
620
158
987
687
88
79
988
183
746
883
19
413
151
265
260
53
658
23
505
977
238
577
81
123
56
805
669
466
322
209
747
996
289
674
726
118
924
319
1019
794
98
369
1014
362
946
464
475
223
124
282
80
149
176
660
933
186
302
70
232
643
296
645
996
462
335
617
859
793
346
157
858
900
648
87
897
771
591
998
864
268
834
97
274
112
584
426
314
512
702
834
558
103
820
1
567
448
488
422
697
654
16
283
551
440
312
396
309
151
329
512
9
172
278
120
34
440
718
222
88
401
756
747
947
832
289
808
451
256
302
916
464
140
496
358
948
525
445
531
535
627
259
1003
61
194
787
728
588
57
308
535
835
235
744
862
224
251
770
318
236
147
798
838
639
912
135
397
277
827
895
524
121
220
455
924
157
372
314
528
257
551
7
621
799
168
890
189
257
179
621
689
1017
469
412
240
6
752
445
529
297
258
437
374
582
740
831
121
501
511
596
110
150
596
675
107
94
79
378
206
677
982
85
639
658
301
145
887
244
599
20
277
495
23
737
833
286
480
397
980
169
215
519
90
97
880
666
217
975
129
84
973
39
977
392
644
674
665
641
82
308
486
836
456
122
643
873
665
360
473
112
957
424
962
746
918
117
41
397
510
361
557
803
855
854
791
620
752
979
629
912
602
474
163
566
114
417
276
186
506
372
13
115
253
226
1003
226
300
950
387
381
988
312
408
78
7
164
142
1005
701
1007
27
934
1010
548
811
888
423
913
943
618
731
898
906
499
313
240
943
342
308
600
38
870
759
278
956
305
476
211
210
859
825
70
838
69
1023
118
798
504
476
637
880
672
986
368
41
206
56
996
783
834
291
791
31
320
616
1017
529
247
